30000001120000000000000000000000000003
30002111112200022000000000000000002003
30000111111000011000000000000000011203
30000001110000000000000110000000011103
30000000000000000000211112200000001003
30000000000000000000011111000220000003
30000000000000211200001110000110000003
30022220000022111112000100000000000003
30001112002211111110000000000000000003
30000111221111111100000000000000000003
30000011111111111000000000000000000003
30000001111111110000021100000000000003
30000000111111100211111122000000000003
30000000011111000011111110000200000003
30000000001110000011111110002120000003
30000000000000000001111100001110011003
30000000000000000000110000000100011003
30000000000000000000000000000000000003
30000000000000000000000000000000000003
32222221111112222111122222112222222223
31111111111111111111111111111111111113
31111111111111111111111111111111111113
31111111111111111111111111111111111113
31111111111111111111111111111111111113
31111111111111111111111111111111111113